1017826 -80966 -80887 -80861 -80759 -80680 -80557 
-80966 1019174 -80945 -80966 -80887 -80861 -80759 
-80887 -80945 1019288 -80934 -80966 -80848 -80861 
-80861 -80966 -80934 1019523 -80945 -80966 -80887 
-80759 -80887 -80966 -80945 1019319 -80934 -80966 
-80680 -80861 -80848 -80966 -80934 1018874 -80945 
-80557 -80759 -80861 -80887 -80966 -80945 1018357 
